14
82
104
49
56
11
124
134
177
184
86
92
80
141
109
47
183
126
25
119
65
99
90
125
127
28
52
107
170
135
16
94
121
102
38
2
17
132
161
189
115
136
31
181
84
113
3
81
175
6
178
18
188
59
111
171
60
23
53
13
163
193
36
98
75
77
55
48
160
169
198
191
195
146
162
66
10
35
20
103
58
91
192
129
164
168
116
72
93
105
147
114
70
63
5
173
179
182
100
22
186
96
88
8
137
33
7
133
108
95
144
83
44
1
62
157
194
89
42
4
130
19
200
180
51
69
185
61
73
71
118
29
139
41
78
196
152
45
149
159
155
151
142
67
64
21
39
43
128
158
176
112
101
174
187
37
106
79
167
27
131
76
24
46
40
148
87
32
156
34
145
165
74
97
150
117
154
15
138
50
172
123
140
153
54
57
197
143
30
26
120
110
122
199
9
85
12
190
68
166
